H0: Type-I rate (first verdict reject_h0), 100000 runs per ratio; bound = alpha + 3 SE, * = above it

alpha 0.1, horizon 1000 (bound 0.10285)
  ratio      burn-in      nig-k3      nig-k5      nig-k8
  0.100     0.07113     0.03503     0.03281     0.03194
  0.150     0.09471     0.04947     0.04784     0.04735
  0.200     0.09881     0.05775     0.05719     0.05764
  0.250     0.09986     0.06219     0.06267     0.06183
  0.275     0.09858     0.06292     0.06289     0.06236
  0.300     0.09643     0.06398     0.06445     0.06369
  0.325     0.09551     0.06466     0.06573     0.06575
  0.350     0.09429     0.06552     0.06659     0.06665
  0.375     0.08993     0.06498     0.06599     0.06667
  0.400     0.08979     0.06722     0.06756     0.06759
  0.425     0.08465     0.06457     0.06624     0.06544
  0.450     0.08163     0.06494     0.06647     0.06631
  0.500     0.07499     0.06567     0.06687     0.06720
  0.550     0.06975     0.06546     0.06542     0.06546
  0.600     0.06234     0.06455     0.06539     0.06603
  0.700     0.04964     0.06296     0.06437     0.06505
  0.800     0.03638     0.06155     0.06176     0.06373
  1.000     0.01734     0.05769     0.05926     0.05990
  1.500     0.00146     0.05346     0.05450     0.05546
  2.000     0.00000     0.04894     0.05004     0.05026
  3.000     0.00000     0.04388     0.04454     0.04359
  5.000     0.00000     0.04020     0.04048     0.04220
  worst     0.09986     0.06722     0.06756     0.06759  at 0.25, 0.4, 0.4, 0.4

alpha 0.05, horizon 1000 (bound 0.05207)
  ratio      burn-in      nig-k3      nig-k5      nig-k8
  0.100     0.02720     0.01451     0.01343     0.01263
  0.150     0.04626     0.02207     0.02116     0.02088
  0.200     0.04993     0.02667     0.02606     0.02584
  0.250     0.05016     0.02945     0.02877     0.02937
  0.275     0.05105     0.03014     0.03021     0.03008
  0.300     0.04958     0.03102     0.03090     0.03055
  0.325     0.05084     0.03120     0.03153     0.03227
  0.350     0.05083     0.03178     0.03210     0.03187
  0.375     0.04859     0.03154     0.03236     0.03249
  0.400     0.04906     0.03214     0.03234     0.03299
  0.425     0.04734     0.03214     0.03230     0.03296
  0.450     0.04642     0.03120     0.03182     0.03229
  0.500     0.04398     0.03226     0.03280     0.03332
  0.550     0.04086     0.03209     0.03212     0.03262
  0.600     0.03855     0.03206     0.03240     0.03229
  0.700     0.03072     0.03166     0.03190     0.03228
  0.800     0.02340     0.03003     0.03077     0.03159
  1.000     0.01148     0.02945     0.03066     0.03016
  1.500     0.00106     0.02684     0.02802     0.02815
  2.000     0.00000     0.02402     0.02531     0.02512
  3.000     0.00000     0.02137     0.02208     0.02252
  5.000     0.00000     0.01968     0.01937     0.01985
  worst     0.05105     0.03226     0.03280     0.03332  at 0.275, 0.5, 0.5, 0.5

alpha 0.025, horizon 1000 (bound 0.02648)
  ratio      burn-in      nig-k3      nig-k5      nig-k8
  0.100     0.00940     0.00619     0.00554     0.00531
  0.150     0.02202     0.01033     0.00986     0.00971
  0.200     0.02475     0.01239     0.01226     0.01189
  0.250     0.02499     0.01392     0.01404     0.01399
  0.275     0.02543     0.01483     0.01473     0.01445
  0.300     0.02569     0.01460     0.01450     0.01433
  0.325     0.02540     0.01500     0.01504     0.01479
  0.350     0.02548     0.01553     0.01564     0.01562
  0.375     0.02408     0.01530     0.01592     0.01588
  0.400     0.02452     0.01604     0.01582     0.01602
  0.425     0.02395     0.01560     0.01590     0.01566
  0.450     0.02349     0.01536     0.01548     0.01587
  0.500     0.02255     0.01584     0.01639     0.01659
  0.550     0.02036     0.01631     0.01599     0.01630
  0.600     0.01852     0.01564     0.01586     0.01614
  0.700     0.01425     0.01579     0.01569     0.01655
  0.800     0.01001     0.01507     0.01529     0.01557
  1.000     0.00392     0.01543     0.01524     0.01483
  1.500     0.00018     0.01372     0.01429     0.01381
  2.000     0.00000     0.01211     0.01267     0.01274
  3.000     0.00000     0.01063     0.01119     0.01144
  5.000     0.00000     0.00921     0.00934     0.00918
  worst     0.02569     0.01631     0.01639     0.01659  at 0.3, 0.55, 0.5, 0.5

alpha 0.01, horizon 1000 (bound 0.01094)
  ratio      burn-in      nig-k3      nig-k5      nig-k8
  0.100     0.00216     0.00202     0.00183     0.00167
  0.150     0.00813     0.00338     0.00342     0.00329
  0.200     0.00953     0.00453     0.00426     0.00420
  0.250     0.01031     0.00517     0.00543     0.00556
  0.275     0.01055     0.00591     0.00563     0.00573
  0.300     0.01040     0.00558     0.00544     0.00513
  0.325     0.01074     0.00611     0.00606     0.00596
  0.350     0.01097*    0.00581     0.00621     0.00620
  0.375     0.01031     0.00578     0.00585     0.00578
  0.400     0.01051     0.00607     0.00636     0.00628
  0.425     0.01069     0.00640     0.00625     0.00630
  0.450     0.01074     0.00583     0.00599     0.00612
  0.500     0.01028     0.00638     0.00658     0.00650
  0.550     0.00986     0.00636     0.00630     0.00646
  0.600     0.00894     0.00663     0.00643     0.00669
  0.700     0.00730     0.00653     0.00642     0.00668
  0.800     0.00504     0.00595     0.00634     0.00643
  1.000     0.00225     0.00617     0.00622     0.00605
  1.500     0.00011     0.00566     0.00571     0.00570
  2.000     0.00000     0.00486     0.00492     0.00503
  3.000     0.00000     0.00423     0.00456     0.00471
  5.000     0.00000     0.00359     0.00407     0.00404
  worst     0.01097     0.00663     0.00658     0.00669  at 0.35, 0.6, 0.5, 0.6

alpha 0.005, horizon 1000 (bound 0.00567)
  ratio      burn-in      nig-k3      nig-k5      nig-k8
  0.100     0.00062     0.00094     0.00075     0.00070
  0.150     0.00363     0.00159     0.00154     0.00151
  0.200     0.00481     0.00220     0.00207     0.00198
  0.250     0.00545     0.00268     0.00254     0.00261
  0.275     0.00518     0.00273     0.00272     0.00275
  0.300     0.00491     0.00256     0.00257     0.00241
  0.325     0.00558     0.00311     0.00303     0.00295
  0.350     0.00526     0.00302     0.00313     0.00305
  0.375     0.00561     0.00260     0.00249     0.00271
  0.400     0.00540     0.00302     0.00303     0.00323
  0.425     0.00575*    0.00321     0.00318     0.00327
  0.450     0.00576*    0.00292     0.00282     0.00298
  0.500     0.00561     0.00304     0.00303     0.00328
  0.550     0.00533     0.00300     0.00310     0.00305
  0.600     0.00514     0.00340     0.00342     0.00337
  0.700     0.00430     0.00320     0.00312     0.00333
  0.800     0.00317     0.00305     0.00311     0.00320
  1.000     0.00149     0.00295     0.00304     0.00294
  1.500     0.00007     0.00269     0.00276     0.00283
  2.000     0.00000     0.00241     0.00245     0.00233
  3.000     0.00000     0.00218     0.00240     0.00236
  5.000     0.00000     0.00173     0.00218     0.00204
  worst     0.00576     0.00340     0.00342     0.00337  at 0.45, 0.6, 0.6, 0.6

alpha 0.1, horizon 200 (bound 0.10285)
  ratio      burn-in      nig-k3      nig-k5      nig-k8
  0.100     0.00259     0.00832     0.00542     0.00413
  0.150     0.02551     0.01900     0.01567     0.01424
  0.200     0.05997     0.02927     0.02675     0.02563
  0.250     0.08418     0.03681     0.03550     0.03393
  0.275     0.09015     0.03922     0.03790     0.03665
  0.300     0.09182     0.04158     0.04066     0.03951
  0.325     0.09318     0.04398     0.04320     0.04185
  0.350     0.09317     0.04696     0.04648     0.04559
  0.375     0.08941     0.04716     0.04679     0.04634
  0.400     0.08959     0.05060     0.04927     0.04847
  0.425     0.08454     0.05006     0.05045     0.04901
  0.450     0.08160     0.05102     0.05129     0.05059
  0.500     0.07499     0.05380     0.05430     0.05399
  0.550     0.06974     0.05489     0.05454     0.05422
  0.600     0.06234     0.05602     0.05643     0.05680
  0.700     0.04964     0.05691     0.05756     0.05839
  0.800     0.03638     0.05693     0.05708     0.05924
  1.000     0.01734     0.05531     0.05691     0.05766
  1.500     0.00146     0.05293     0.05397     0.05488
  2.000     0.00000     0.04876     0.04996     0.05014
  3.000     0.00000     0.04385     0.04453     0.04358
  5.000     0.00000     0.04020     0.04048     0.04219
  worst     0.09318     0.05693     0.05756     0.05924  at 0.325, 0.8, 0.7, 0.8

alpha 0.05, horizon 200 (bound 0.05207)
  ratio      burn-in      nig-k3      nig-k5      nig-k8
  0.100     0.00030     0.00289     0.00157     0.00105
  0.150     0.00617     0.00704     0.00536     0.00476
  0.200     0.02156     0.01174     0.01034     0.00972
  0.250     0.03591     0.01596     0.01447     0.01449
  0.275     0.04138     0.01717     0.01644     0.01568
  0.300     0.04373     0.01876     0.01795     0.01712
  0.325     0.04748     0.01945     0.01873     0.01889
  0.350     0.04892     0.02100     0.02061     0.01989
  0.375     0.04762     0.02112     0.02100     0.02087
  0.400     0.04851     0.02261     0.02213     0.02199
  0.425     0.04703     0.02367     0.02277     0.02282
  0.450     0.04627     0.02290     0.02296     0.02297
  0.500     0.04396     0.02471     0.02478     0.02507
  0.550     0.04086     0.02574     0.02526     0.02552
  0.600     0.03854     0.02668     0.02673     0.02634
  0.700     0.03072     0.02732     0.02732     0.02759
  0.800     0.02340     0.02684     0.02754     0.02796
  1.000     0.01148     0.02759     0.02865     0.02846
  1.500     0.00106     0.02629     0.02743     0.02751
  2.000     0.00000     0.02387     0.02522     0.02498
  3.000     0.00000     0.02132     0.02205     0.02245
  5.000     0.00000     0.01967     0.01935     0.01983
  worst     0.04892     0.02759     0.02865     0.02846  at 0.35, 1, 1, 1

alpha 0.025, horizon 200 (bound 0.02648)
  ratio      burn-in      nig-k3      nig-k5      nig-k8
  0.100     0.00001     0.00108     0.00044     0.00032
  0.150     0.00126     0.00289     0.00200     0.00170
  0.200     0.00675     0.00483     0.00401     0.00362
  0.250     0.01448     0.00705     0.00656     0.00620
  0.275     0.01740     0.00774     0.00730     0.00675
  0.300     0.02025     0.00802     0.00772     0.00732
  0.325     0.02185     0.00842     0.00827     0.00782
  0.350     0.02353     0.00958     0.00913     0.00915
  0.375     0.02301     0.00973     0.00966     0.00967
  0.400     0.02374     0.01060     0.01015     0.01010
  0.425     0.02358     0.01099     0.01073     0.01027
  0.450     0.02324     0.01072     0.01035     0.01044
  0.500     0.02247     0.01141     0.01167     0.01185
  0.550     0.02036     0.01260     0.01212     0.01201
  0.600     0.01850     0.01265     0.01252     0.01261
  0.700     0.01425     0.01320     0.01282     0.01354
  0.800     0.01001     0.01307     0.01322     0.01345
  1.000     0.00392     0.01400     0.01380     0.01349
  1.500     0.00018     0.01331     0.01386     0.01338
  2.000     0.00000     0.01200     0.01255     0.01255
  3.000     0.00000     0.01055     0.01115     0.01141
  5.000     0.00000     0.00920     0.00932     0.00917
  worst     0.02374     0.01400     0.01386     0.01354  at 0.4, 1, 1.5, 0.7

alpha 0.01, horizon 200 (bound 0.01094)
  ratio      burn-in      nig-k3      nig-k5      nig-k8
  0.100     0.00000     0.00031     0.00015     0.00005
  0.150     0.00013     0.00078     0.00057     0.00047
  0.200     0.00124     0.00155     0.00113     0.00095
  0.250     0.00442     0.00233     0.00225     0.00233
  0.275     0.00550     0.00299     0.00254     0.00240
  0.300     0.00675     0.00305     0.00273     0.00244
  0.325     0.00823     0.00318     0.00288     0.00274
  0.350     0.00939     0.00342     0.00357     0.00327
  0.375     0.00935     0.00338     0.00334     0.00309
  0.400     0.00980     0.00377     0.00385     0.00371
  0.425     0.01018     0.00433     0.00396     0.00385
  0.450     0.01047     0.00379     0.00372     0.00380
  0.500     0.01022     0.00440     0.00433     0.00429
  0.550     0.00985     0.00455     0.00435     0.00447
  0.600     0.00892     0.00513     0.00473     0.00489
  0.700     0.00730     0.00516     0.00498     0.00511
  0.800     0.00504     0.00493     0.00528     0.00531
  1.000     0.00225     0.00540     0.00536     0.00525
  1.500     0.00011     0.00541     0.00547     0.00552
  2.000     0.00000     0.00483     0.00484     0.00493
  3.000     0.00000     0.00419     0.00451     0.00469
  5.000     0.00000     0.00358     0.00405     0.00404
  worst     0.01047     0.00541     0.00547     0.00552  at 0.45, 1.5, 1.5, 1.5

alpha 0.005, horizon 200 (bound 0.00567)
  ratio      burn-in      nig-k3      nig-k5      nig-k8
  0.100     0.00000     0.00017     0.00005     0.00002
  0.150     0.00004     0.00030     0.00020     0.00019
  0.200     0.00039     0.00067     0.00049     0.00040
  0.250     0.00167     0.00111     0.00094     0.00091
  0.275     0.00210     0.00135     0.00117     0.00111
  0.300     0.00273     0.00134     0.00129     0.00109
  0.325     0.00361     0.00152     0.00144     0.00132
  0.350     0.00416     0.00168     0.00175     0.00149
  0.375     0.00482     0.00141     0.00135     0.00141
  0.400     0.00493     0.00185     0.00187     0.00185
  0.425     0.00535     0.00206     0.00185     0.00188
  0.450     0.00551     0.00192     0.00172     0.00180
  0.500     0.00554     0.00200     0.00199     0.00219
  0.550     0.00530     0.00204     0.00211     0.00207
  0.600     0.00513     0.00251     0.00234     0.00248
  0.700     0.00430     0.00248     0.00229     0.00237
  0.800     0.00317     0.00234     0.00250     0.00253
  1.000     0.00149     0.00260     0.00266     0.00254
  1.500     0.00007     0.00255     0.00263     0.00273
  2.000     0.00000     0.00239     0.00240     0.00226
  3.000     0.00000     0.00215     0.00236     0.00233
  5.000     0.00000     0.00172     0.00217     0.00203
  worst     0.00554     0.00260     0.00266     0.00273  at 0.5, 1, 1, 1.5

H0: time to accept_h0 (mean pairs at stop), 100000 runs per ratio

alpha 0.05, horizon 1000
  ratio      burn-in      nig-k3      nig-k5      nig-k8
  0.100        796.6       974.7       991.9       994.1
  0.150        409.3       915.6       965.9       982.0
  0.200        235.2       819.8       889.1       926.2
  0.250        152.4       701.5       761.4       794.3
  0.275        126.5       636.4       687.1       714.3
  0.300        107.0       582.0       620.5       641.6
  0.325         91.6       525.1       556.1       571.3
  0.350         79.7       475.2       499.9       511.2
  0.375         69.7       430.0       449.3       459.2
  0.400         62.1       390.9       406.1       414.2
  0.425         55.5       355.3       366.9       373.8
  0.450         50.3       325.0       334.5       340.8
  0.500         43.1       273.0       280.7       285.7
  0.550         39.1       230.7       236.6       241.7
  0.600         36.4       198.4       202.7       207.3
  0.700         33.5       150.4       154.5       158.4
  0.800         31.9       119.3       121.9       125.6
  1.000         30.6        79.4        82.2        85.0
  1.500         30.0        38.9        41.1        44.3
  2.000         30.0        24.1        26.2        29.4
  3.000         30.0        13.5        15.5        18.5
  5.000         30.0         8.0         9.9        12.9

alpha 0.01, horizon 1000
  ratio      burn-in      nig-k3      nig-k5      nig-k8
  0.100        818.8       983.8       998.1       999.3
  0.150        437.3       935.7       981.3       994.3
  0.200        256.1       850.9       919.8       954.4
  0.250        166.2       741.2       805.2       841.0
  0.275        137.9       678.2       734.7       765.6
  0.300        116.8       625.1       670.0       693.8
  0.325         99.8       567.9       604.3       622.7
  0.350         86.8       517.3       546.6       559.8
  0.375         76.0       470.5       494.4       505.6
  0.400         68.3       429.2       447.4       456.6
  0.425         62.0       392.3       406.9       414.5
  0.450         57.4       359.3       371.3       378.4
  0.500         51.7       303.8       313.0       318.9
  0.550         48.1       258.0       265.0       271.1
  0.600         45.8       222.8       228.0       232.8
  0.700         42.9       169.8       174.6       179.0
  0.800         41.5       135.0       137.9       142.3
  1.000         40.4        90.1        93.5        96.5
  1.500         40.0        44.4        46.7        49.9
  2.000         40.0        27.2        29.3        32.5
  3.000         40.0        15.0        16.9        19.9
  5.000         40.0         8.5        10.5        13.4

alpha 0.05, horizon 200
  ratio      burn-in      nig-k3      nig-k5      nig-k8
  0.100        200.0       199.6       199.9       199.9
  0.150        199.7       198.6       199.6       199.7
  0.200        182.9       196.6       199.0       199.2
  0.250        137.9       193.5       198.0       198.6
  0.275        119.0       191.3       197.2       198.3
  0.300        103.2       188.8       196.1       197.9
  0.325         89.7       185.9       194.8       197.3
  0.350         78.7       182.4       192.7       196.4
  0.375         69.3       178.7       190.4       195.1
  0.400         61.8       174.8       187.2       193.0
  0.425         55.4       170.4       183.8       190.5
  0.450         50.3       165.8       179.5       187.1
  0.500         43.1       155.8       169.8       178.1
  0.550         39.1       145.1       158.2       166.4
  0.600         36.4       134.2       145.8       153.2
  0.700         33.5       114.3       122.5       128.2
  0.800         31.9        96.9       102.6       107.3
  1.000         30.6        70.0        74.0        77.5
  1.500         30.0        37.1        39.6        42.8
  2.000         30.0        23.6        25.8        29.0
  3.000         30.0        13.4        15.4        18.4
  5.000         30.0         8.0         9.9        12.9

alpha 0.01, horizon 200
  ratio      burn-in      nig-k3      nig-k5      nig-k8
  0.100        200.0       199.8       200.0       200.0
  0.150        200.0       199.3       200.0       200.0
  0.200        186.5       198.0       199.8       199.9
  0.250        143.1       195.6       199.4       199.8
  0.275        124.6       193.8       198.9       199.7
  0.300        108.8       191.8       198.2       199.6
  0.325         95.3       189.3       197.3       199.3
  0.350         84.2       186.3       195.7       198.8
  0.375         74.6       183.1       194.0       198.0
  0.400         67.4       179.6       191.4       196.5
  0.425         61.5       175.8       188.6       194.6
  0.450         57.2       171.5       185.0       192.1
  0.500         51.6       162.3       176.5       184.8
  0.550         48.1       152.4       166.2       174.6
  0.600         45.7       142.0       154.5       162.3
  0.700         42.9       122.3       131.5       137.8
  0.800         41.5       104.7       111.2       116.2
  1.000         40.4        76.7        81.1        84.8
  1.500         40.0        41.1        43.8        47.0
  2.000         40.0        26.2        28.4        31.6
  3.000         40.0        14.8        16.8        19.8
  5.000         40.0         8.5        10.4        13.4

H1 (true difference = +effect_size): power (reject_h0, direction right) / wrong-direction rejections / mean pairs at stop, 20000 runs per ratio

alpha 0.05, horizon 1000
  ratio                  burn-in                  nig-k3                  nig-k5                  nig-k8
  0.100   0.4459 0.00000   800.4  0.3073 0.00010   876.2  0.3109 0.00000   884.7  0.3104 0.00000   886.3
  0.150   0.7681 0.00000   450.3  0.7135 0.00020   643.4  0.7236 0.00000   652.1  0.7261 0.00000   653.8
  0.200   0.8106 0.00005   260.7  0.9328 0.00010   423.1  0.9458 0.00005   431.1  0.9485 0.00005   434.7
  0.250   0.8152 0.00015   169.1  0.9759 0.00010   277.8  0.9918 0.00005   283.5  0.9954 0.00005   286.9
  0.300   0.8168 0.00015   118.5  0.9798 0.00005   196.2  0.9964 0.00000   201.2  0.9997 0.00000   204.4
  0.350   0.8175 0.00010    88.3  0.9810 0.00005   147.4  0.9967 0.00010   151.4  0.9991 0.00005   154.3
  0.400   0.8297 0.00000    69.0  0.9811 0.00000   113.6  0.9968 0.00000   117.2  0.9993 0.00000   120.2
  0.450   0.8270 0.00000    56.7  0.9792 0.00010    91.5  0.9954 0.00000    94.6  0.9990 0.00000    97.8
  0.500   0.8400 0.00000    48.8  0.9816 0.00005    75.7  0.9961 0.00000    78.6  0.9986 0.00000    81.6
  0.600   0.8777 0.00000    40.0  0.9825 0.00005    55.3  0.9968 0.00000    57.7  0.9988 0.00000    60.6
  0.700   0.9181 0.00000    35.6  0.9813 0.00000    41.9  0.9971 0.00005    44.3  0.9992 0.00000    47.4
  0.800   0.9438 0.00000    33.0  0.9838 0.00000    33.4  0.9969 0.00000    35.8  0.9992 0.00005    38.8
  1.000   0.9772 0.00000    30.9  0.9822 0.00010    23.5  0.9966 0.00005    25.8  0.9992 0.00000    28.8
  1.500   0.9987 0.00000    30.0  0.9881 0.00000    13.8  0.9974 0.00000    15.8  0.9993 0.00010    18.8
  2.000   1.0000 0.00000    30.0  0.9911 0.00000    10.3  0.9983 0.00000    12.3  0.9996 0.00000    15.2
  3.000   1.0000 0.00000    30.0  0.9959 0.00000     7.7  0.9992 0.00000     9.7  0.9999 0.00000    12.6
  5.000   1.0000 0.00000    30.0  0.9998 0.00000     6.3  0.9999 0.00000     8.2  1.0000 0.00000    11.2

alpha 0.01, horizon 1000
  ratio                  burn-in                  nig-k3                  nig-k5                  nig-k8
  0.100   0.1759 0.00000   921.9  0.1295 0.00000   953.6  0.1303 0.00000   960.4  0.1295 0.00000   961.9
  0.150   0.6367 0.00000   628.3  0.5067 0.00000   795.4  0.5131 0.00000   804.8  0.5151 0.00000   806.7
  0.200   0.7901 0.00000   388.9  0.8478 0.00000   574.6  0.8591 0.00000   582.8  0.8611 0.00000   585.2
  0.250   0.8150 0.00000   251.8  0.9675 0.00000   387.6  0.9811 0.00000   393.6  0.9839 0.00000   397.3
  0.300   0.8184 0.00000   177.1  0.9820 0.00000   273.9  0.9969 0.00000   279.5  0.9991 0.00000   282.3
  0.350   0.8177 0.00000   130.6  0.9835 0.00000   204.8  0.9977 0.00000   209.1  0.9994 0.00000   212.0
  0.400   0.8335 0.00000   102.3  0.9830 0.00000   158.0  0.9978 0.00000   161.9  0.9996 0.00000   164.5
  0.450   0.8424 0.00000    83.3  0.9818 0.00000   126.3  0.9966 0.00000   129.8  0.9992 0.00000   133.0
  0.500   0.8639 0.00000    71.2  0.9836 0.00000   104.0  0.9969 0.00000   107.0  0.9990 0.00000   109.9
  0.600   0.9075 0.00000    57.0  0.9845 0.00000    75.2  0.9974 0.00000    77.7  0.9992 0.00000    80.6
  0.700   0.9429 0.00000    49.0  0.9840 0.00000    56.8  0.9978 0.00000    59.4  0.9993 0.00000    62.4
  0.800   0.9645 0.00000    44.6  0.9862 0.00000    45.2  0.9978 0.00000    47.5  0.9996 0.00000    50.5
  1.000   0.9885 0.00000    41.1  0.9841 0.00000    31.3  0.9973 0.00000    33.5  0.9994 0.00000    36.6
  1.500   0.9998 0.00000    40.0  0.9904 0.00000    17.7  0.9979 0.00000    19.7  0.9996 0.00000    22.7
  2.000   1.0000 0.00000    40.0  0.9924 0.00000    12.8  0.9988 0.00000    14.8  0.9998 0.00000    17.7
  3.000   1.0000 0.00000    40.0  0.9966 0.00000     9.2  0.9994 0.00000    11.1  0.9999 0.00000    14.1
  5.000   1.0000 0.00000    40.0  0.9999 0.00000     7.1  0.9999 0.00000     9.1  1.0000 0.00000    12.1

alpha 0.05, horizon 200
  ratio                  burn-in                  nig-k3                  nig-k5                  nig-k8
  0.100   0.0034 0.00000   199.9  0.0153 0.00010   198.9  0.0109 0.00000   199.5  0.0088 0.00000   199.6
  0.150   0.0922 0.00000   195.9  0.0776 0.00020   194.6  0.0739 0.00000   195.8  0.0704 0.00000   196.2
  0.200   0.3231 0.00005   176.1  0.2099 0.00010   184.2  0.2074 0.00005   186.1  0.2019 0.00005   187.0
  0.250   0.5585 0.00015   143.1  0.3833 0.00010   168.6  0.3846 0.00005   171.0  0.3792 0.00005   172.3
  0.300   0.7119 0.00015   111.4  0.5773 0.00005   148.6  0.5815 0.00000   151.2  0.5760 0.00000   152.9
  0.350   0.7841 0.00010    86.5  0.7396 0.00005   127.8  0.7462 0.00010   130.9  0.7426 0.00005   133.1
  0.400   0.8215 0.00000    68.7  0.8644 0.00000   106.9  0.8728 0.00000   109.9  0.8698 0.00000   112.4
  0.450   0.8244 0.00000    56.6  0.9285 0.00010    89.3  0.9403 0.00000    92.2  0.9401 0.00000    95.2
  0.500   0.8391 0.00000    48.8  0.9644 0.00005    75.1  0.9766 0.00000    77.9  0.9769 0.00000    80.8
  0.600   0.8777 0.00000    40.0  0.9811 0.00005    55.2  0.9955 0.00000    57.7  0.9972 0.00000    60.5
  0.700   0.9181 0.00000    35.6  0.9812 0.00000    41.9  0.9971 0.00005    44.3  0.9991 0.00000    47.4
  0.800   0.9438 0.00000    33.0  0.9838 0.00000    33.4  0.9969 0.00000    35.8  0.9992 0.00005    38.8
  1.000   0.9772 0.00000    30.9  0.9822 0.00010    23.5  0.9966 0.00005    25.8  0.9992 0.00000    28.8
  1.500   0.9987 0.00000    30.0  0.9881 0.00000    13.8  0.9974 0.00000    15.8  0.9993 0.00010    18.8
  2.000   1.0000 0.00000    30.0  0.9911 0.00000    10.3  0.9983 0.00000    12.3  0.9996 0.00000    15.2
  3.000   1.0000 0.00000    30.0  0.9959 0.00000     7.7  0.9992 0.00000     9.7  0.9999 0.00000    12.6
  5.000   1.0000 0.00000    30.0  0.9998 0.00000     6.3  0.9999 0.00000     8.2  1.0000 0.00000    11.2

alpha 0.01, horizon 200
  ratio                  burn-in                  nig-k3                  nig-k5                  nig-k8
  0.100   0.0000 0.00000   200.0  0.0030 0.00000   199.7  0.0013 0.00000   199.9  0.0008 0.00000   200.0
  0.150   0.0085 0.00000   199.8  0.0195 0.00000   198.6  0.0175 0.00000   199.2  0.0154 0.00000   199.4
  0.200   0.0911 0.00000   193.5  0.0748 0.00000   195.0  0.0722 0.00000   196.2  0.0688 0.00000   196.5
  0.250   0.2905 0.00000   173.2  0.1853 0.00000   186.9  0.1860 0.00000   188.9  0.1802 0.00000   189.7
  0.300   0.5149 0.00000   146.9  0.3508 0.00000   174.5  0.3491 0.00000   176.6  0.3438 0.00000   177.7
  0.350   0.6752 0.00000   120.4  0.5369 0.00000   158.2  0.5373 0.00000   160.6  0.5281 0.00000   162.4
  0.400   0.7737 0.00000    99.0  0.7176 0.00000   138.9  0.7188 0.00000   141.8  0.7115 0.00000   143.6
  0.450   0.8212 0.00000    82.4  0.8467 0.00000   119.2  0.8527 0.00000   122.2  0.8458 0.00000   124.9
  0.500   0.8574 0.00000    71.0  0.9252 0.00000   101.7  0.9333 0.00000   104.4  0.9326 0.00000   107.1
  0.600   0.9070 0.00000    57.0  0.9775 0.00000    75.0  0.9902 0.00000    77.5  0.9911 0.00000    80.4
  0.700   0.9428 0.00000    49.0  0.9839 0.00000    56.8  0.9977 0.00000    59.4  0.9990 0.00000    62.4
  0.800   0.9645 0.00000    44.6  0.9862 0.00000    45.2  0.9978 0.00000    47.5  0.9995 0.00000    50.5
  1.000   0.9885 0.00000    41.1  0.9841 0.00000    31.3  0.9973 0.00000    33.5  0.9994 0.00000    36.6
  1.500   0.9998 0.00000    40.0  0.9904 0.00000    17.7  0.9979 0.00000    19.7  0.9996 0.00000    22.7
  2.000   1.0000 0.00000    40.0  0.9924 0.00000    12.8  0.9988 0.00000    14.8  0.9998 0.00000    17.7
  3.000   1.0000 0.00000    40.0  0.9966 0.00000     9.2  0.9994 0.00000    11.1  0.9999 0.00000    14.1
  5.000   1.0000 0.00000    40.0  0.9999 0.00000     7.1  0.9999 0.00000     9.1  1.0000 0.00000    12.1
