H0: time to a verdict (mean pairs at stop) and share ending in accept_h0, 100000 runs per ratio

alpha 0.05, beta 0.2, horizon 1000
  ratio                nig                cs          cs-alpha         cs-nohold
  0.100     992.3 / 0.0061    993.4 / 0.0000    993.4 / 0.0000    993.4 / 0.0000
  0.150     966.5 / 0.0838    771.2 / 0.7349    950.2 / 0.3674    771.1 / 0.7354
  0.200     889.9 / 0.3016    478.8 / 0.9531    660.8 / 0.8820    478.4 / 0.9541
  0.250     762.1 / 0.5698    312.5 / 0.9726    437.9 / 0.9680    311.9 / 0.9735
  0.275     687.7 / 0.6799    259.4 / 0.9721    363.2 / 0.9702    258.8 / 0.9729
  0.300     621.3 / 0.7553    219.8 / 0.9722    307.3 / 0.9703    219.1 / 0.9731
  0.325     556.7 / 0.8109    188.7 / 0.9730    263.5 / 0.9708    188.1 / 0.9738
  0.350     500.7 / 0.8493    164.2 / 0.9728    228.5 / 0.9708    163.4 / 0.9738
  0.375     450.0 / 0.8768    143.8 / 0.9735    200.1 / 0.9713    143.0 / 0.9744
  0.400     406.8 / 0.8969    127.7 / 0.9741    177.1 / 0.9719    126.9 / 0.9750
  0.425     367.7 / 0.9119    114.0 / 0.9739    158.0 / 0.9718    113.2 / 0.9748
  0.450     335.3 / 0.9236    102.6 / 0.9747    141.8 / 0.9727    101.8 / 0.9756
  0.500     281.4 / 0.9357     84.8 / 0.9748    116.8 / 0.9725     84.0 / 0.9756
  0.550     237.1 / 0.9465     71.4 / 0.9755     98.1 / 0.9736     70.7 / 0.9763
  0.600     203.5 / 0.9523     61.4 / 0.9752     84.0 / 0.9731     60.5 / 0.9762
  0.700     155.1 / 0.9601     47.1 / 0.9766     63.9 / 0.9745     46.4 / 0.9773
  0.800     122.4 / 0.9642     37.8 / 0.9780     50.8 / 0.9758     37.1 / 0.9787
  1.000      82.7 / 0.9669     26.7 / 0.9784     35.3 / 0.9764     26.1 / 0.9790
  1.500      41.5 / 0.9713     15.9 / 0.9825     20.1 / 0.9799     15.3 / 0.9831
  2.000      26.6 / 0.9742     12.0 / 0.9869     14.7 / 0.9834     11.5 / 0.9873
  3.000      15.8 / 0.9776      9.2 / 0.9940     10.8 / 0.9887      8.9 / 0.9944
  5.000      10.3 / 0.9803      7.9 / 0.9952      8.9 / 0.9916      7.6 / 0.9956

alpha 0.01, beta 0.2, horizon 1000
  ratio                nig                cs          cs-alpha         cs-nohold
  0.100     998.5 / 0.0043    999.2 / 0.0000    999.2 / 0.0000    999.2 / 0.0000
  0.150     981.9 / 0.0672    781.3 / 0.7385    998.1 / 0.0000    781.2 / 0.7390
  0.200     920.7 / 0.2588    489.4 / 0.9670    840.2 / 0.7145    489.0 / 0.9680
  0.250     805.9 / 0.5229    320.1 / 0.9932    583.3 / 0.9647    319.5 / 0.9941
  0.275     735.4 / 0.6444    265.9 / 0.9939    485.9 / 0.9879    265.3 / 0.9948
  0.300     670.7 / 0.7285    225.3 / 0.9943    411.4 / 0.9930    224.6 / 0.9953
  0.325     605.0 / 0.7949    193.3 / 0.9940    351.9 / 0.9933    192.6 / 0.9949
  0.350     547.5 / 0.8415    168.1 / 0.9939    304.7 / 0.9932    167.3 / 0.9949
  0.375     495.1 / 0.8763    147.1 / 0.9944    266.9 / 0.9937    146.4 / 0.9953
  0.400     448.1 / 0.9003    130.5 / 0.9941    235.8 / 0.9932    129.8 / 0.9950
  0.425     407.7 / 0.9184    116.6 / 0.9940    210.0 / 0.9934    115.8 / 0.9950
  0.450     372.1 / 0.9336    104.9 / 0.9946    188.3 / 0.9939    104.0 / 0.9956
  0.500     313.8 / 0.9496     86.6 / 0.9946    154.4 / 0.9938     85.8 / 0.9955
  0.550     265.6 / 0.9630     72.9 / 0.9950    129.3 / 0.9942     72.1 / 0.9958
  0.600     228.9 / 0.9706     62.7 / 0.9946    110.6 / 0.9937     61.7 / 0.9956
  0.700     175.2 / 0.9806     48.0 / 0.9951     83.4 / 0.9943     47.3 / 0.9958
  0.800     138.5 / 0.9853     38.4 / 0.9951     66.0 / 0.9944     37.7 / 0.9958
  1.000      94.0 / 0.9896     27.1 / 0.9956     45.3 / 0.9949     26.4 / 0.9962
  1.500      47.1 / 0.9933     16.0 / 0.9965     25.0 / 0.9954     15.4 / 0.9971
  2.000      29.7 / 0.9944     12.0 / 0.9976     17.7 / 0.9965     11.5 / 0.9981
  3.000      17.3 / 0.9951      9.2 / 0.9992     12.5 / 0.9976      8.9 / 0.9995
  5.000      10.9 / 0.9956      7.9 / 0.9996      9.8 / 0.9983      7.6 / 1.0000

alpha 0.05, beta 0.1, horizon 1000
  ratio                nig                cs          cs-alpha         cs-nohold
  0.100     993.4 / 0.0000    993.4 / 0.0000    993.4 / 0.0000    993.4 / 0.0000
  0.150     987.4 / 0.0002    878.9 / 0.5680    950.2 / 0.3674    878.9 / 0.5683
  0.200     981.8 / 0.0055    574.6 / 0.9255    660.8 / 0.8820    574.3 / 0.9264
  0.250     973.9 / 0.0258    376.9 / 0.9709    437.9 / 0.9680    376.4 / 0.9718
  0.275     966.7 / 0.0465    312.5 / 0.9710    363.2 / 0.9702    312.0 / 0.9718
  0.300     958.0 / 0.0742    264.6 / 0.9711    307.3 / 0.9703    263.9 / 0.9721
  0.325     946.3 / 0.1134    227.1 / 0.9718    263.5 / 0.9708    226.4 / 0.9726
  0.350     930.0 / 0.1615    197.2 / 0.9716    228.5 / 0.9708    196.4 / 0.9726
  0.375     911.8 / 0.2178    172.7 / 0.9722    200.1 / 0.9713    171.9 / 0.9731
  0.400     887.8 / 0.2833    153.0 / 0.9729    177.1 / 0.9719    152.2 / 0.9738
  0.425     862.1 / 0.3483    136.6 / 0.9728    158.0 / 0.9718    135.8 / 0.9737
  0.450     832.7 / 0.4175    122.7 / 0.9736    141.8 / 0.9727    121.9 / 0.9745
  0.500     767.3 / 0.5475    101.1 / 0.9734    116.8 / 0.9725    100.4 / 0.9743
  0.550     698.5 / 0.6551     85.1 / 0.9744     98.1 / 0.9736     84.4 / 0.9752
  0.600     628.4 / 0.7390     73.0 / 0.9740     84.0 / 0.9731     72.1 / 0.9750
  0.700     509.5 / 0.8389     55.7 / 0.9754     63.9 / 0.9745     55.0 / 0.9761
  0.800     417.1 / 0.8880     44.5 / 0.9768     50.8 / 0.9758     43.8 / 0.9775
  1.000     288.5 / 0.9314     31.1 / 0.9772     35.3 / 0.9764     30.5 / 0.9779
  1.500     143.1 / 0.9600     18.0 / 0.9810     20.1 / 0.9799     17.4 / 0.9816
  2.000      85.4 / 0.9680     13.4 / 0.9847     14.7 / 0.9834     12.9 / 0.9852
  3.000      43.5 / 0.9737     10.0 / 0.9910     10.8 / 0.9887      9.6 / 0.9913
  5.000      20.6 / 0.9776      8.4 / 0.9940      8.9 / 0.9916      8.0 / 0.9944

alpha 0.01, beta 0.1, horizon 1000
  ratio                nig                cs          cs-alpha         cs-nohold
  0.100     999.2 / 0.0000    999.2 / 0.0000    999.2 / 0.0000    999.2 / 0.0000
  0.150     998.1 / 0.0001    889.3 / 0.5704    998.1 / 0.0000    889.3 / 0.5707
  0.200     996.8 / 0.0040    586.2 / 0.9374    840.2 / 0.7145    585.9 / 0.9383
  0.250     992.2 / 0.0197    385.8 / 0.9916    583.3 / 0.9647    385.3 / 0.9925
  0.275     987.6 / 0.0369    320.2 / 0.9935    485.9 / 0.9879    319.7 / 0.9943
  0.300     981.5 / 0.0599    271.2 / 0.9941    411.4 / 0.9930    270.5 / 0.9951
  0.325     972.1 / 0.0929    232.4 / 0.9938    351.9 / 0.9933    231.8 / 0.9946
  0.350     959.0 / 0.1359    201.8 / 0.9936    304.7 / 0.9932    201.0 / 0.9947
  0.375     944.2 / 0.1852    176.7 / 0.9942    266.9 / 0.9937    175.9 / 0.9951
  0.400     923.1 / 0.2448    156.4 / 0.9938    235.8 / 0.9932    155.6 / 0.9948
  0.425     900.8 / 0.3072    139.7 / 0.9939    210.0 / 0.9934    138.9 / 0.9949
  0.450     873.9 / 0.3754    125.4 / 0.9944    188.3 / 0.9939    124.6 / 0.9953
  0.500     814.2 / 0.5063    103.3 / 0.9943    154.4 / 0.9938    102.5 / 0.9952
  0.550     747.8 / 0.6230     86.9 / 0.9947    129.3 / 0.9942     86.1 / 0.9955
  0.600     678.6 / 0.7173     74.5 / 0.9943    110.6 / 0.9937     73.5 / 0.9953
  0.700     556.7 / 0.8352     56.7 / 0.9948     83.4 / 0.9943     56.0 / 0.9956
  0.800     459.3 / 0.8937     45.2 / 0.9949     66.0 / 0.9944     44.5 / 0.9956
  1.000     320.7 / 0.9478     31.6 / 0.9954     45.3 / 0.9949     30.9 / 0.9960
  1.500     160.5 / 0.9822     18.2 / 0.9962     25.0 / 0.9954     17.6 / 0.9968
  2.000      96.0 / 0.9899     13.4 / 0.9973     17.7 / 0.9965     12.9 / 0.9978
  3.000      48.5 / 0.9937     10.0 / 0.9988     12.5 / 0.9976      9.7 / 0.9992
  5.000      22.4 / 0.9948      8.4 / 0.9995      9.8 / 0.9983      8.0 / 0.9999

alpha 0.05, beta 0.2, horizon 200
  ratio                nig                cs          cs-alpha         cs-nohold
  0.100     199.9 / 0.0000    199.9 / 0.0000    199.9 / 0.0000    199.9 / 0.0000
  0.150     199.6 / 0.0000    199.6 / 0.0000    199.6 / 0.0000    199.6 / 0.0000
  0.200     199.0 / 0.0024    199.1 / 0.0000    199.1 / 0.0000    199.1 / 0.0000
  0.250     198.1 / 0.0125    198.1 / 0.0545    198.6 / 0.0000    198.1 / 0.0545
  0.275     197.2 / 0.0237    191.7 / 0.3155    198.3 / 0.0000    191.7 / 0.3155
  0.300     196.2 / 0.0408    179.6 / 0.5153    197.9 / 0.0172    179.6 / 0.5155
  0.325     194.9 / 0.0641    165.5 / 0.6588    195.2 / 0.2003    165.5 / 0.6593
  0.350     192.8 / 0.0964    150.9 / 0.7637    186.8 / 0.4264    150.9 / 0.7643
  0.375     190.6 / 0.1361    136.6 / 0.8438    175.4 / 0.5923    136.5 / 0.8445
  0.400     187.4 / 0.1841    123.7 / 0.8946    162.6 / 0.7140    123.6 / 0.8953
  0.425     183.9 / 0.2358    111.8 / 0.9311    149.8 / 0.8064    111.7 / 0.9319
  0.450     179.6 / 0.2939    101.2 / 0.9516    137.2 / 0.8722    101.1 / 0.9525
  0.500     169.9 / 0.4128     84.0 / 0.9706    115.2 / 0.9411     83.9 / 0.9715
  0.550     158.3 / 0.5333     70.8 / 0.9751     97.3 / 0.9672     70.7 / 0.9760
  0.600     145.9 / 0.6341     60.6 / 0.9751     83.2 / 0.9722     60.5 / 0.9761
  0.700     122.6 / 0.7761     46.6 / 0.9765     63.3 / 0.9744     46.4 / 0.9773
  0.800     102.8 / 0.8523     37.3 / 0.9779     50.2 / 0.9758     37.1 / 0.9787
  1.000      74.1 / 0.9180     26.2 / 0.9783     34.8 / 0.9764     26.1 / 0.9790
  1.500      39.7 / 0.9609     15.4 / 0.9824     19.6 / 0.9798     15.3 / 0.9831
  2.000      25.9 / 0.9711     11.6 / 0.9869     14.3 / 0.9834     11.5 / 0.9873
  3.000      15.5 / 0.9770      8.9 / 0.9940     10.5 / 0.9887      8.9 / 0.9944
  5.000      10.0 / 0.9802      7.7 / 0.9952      8.5 / 0.9916      7.6 / 0.9956

alpha 0.01, beta 0.2, horizon 200
  ratio                nig                cs          cs-alpha         cs-nohold
  0.100     200.0 / 0.0000    200.0 / 0.0000    200.0 / 0.0000    200.0 / 0.0000
  0.150     200.0 / 0.0000    200.0 / 0.0000    200.0 / 0.0000    200.0 / 0.0000
  0.200     199.9 / 0.0016    199.9 / 0.0000    199.9 / 0.0000    199.9 / 0.0000
  0.250     199.5 / 0.0093    199.3 / 0.0545    199.8 / 0.0000    199.3 / 0.0545
  0.275     199.0 / 0.0183    193.2 / 0.3161    199.8 / 0.0000    193.2 / 0.3161
  0.300     198.3 / 0.0319    181.3 / 0.5168    199.7 / 0.0000    181.3 / 0.5170
  0.325     197.4 / 0.0510    167.2 / 0.6610    199.7 / 0.0001    167.2 / 0.6614
  0.350     195.9 / 0.0774    152.8 / 0.7675    199.6 / 0.0111    152.8 / 0.7681
  0.375     194.2 / 0.1102    138.5 / 0.8493    198.0 / 0.1467    138.4 / 0.8500
  0.400     191.6 / 0.1531    125.6 / 0.9024    192.1 / 0.3729    125.5 / 0.9032
  0.425     188.7 / 0.1983    113.7 / 0.9404    182.8 / 0.5483    113.6 / 0.9413
  0.450     185.1 / 0.2510    103.0 / 0.9631    171.8 / 0.6863    102.9 / 0.9641
  0.500     176.7 / 0.3659     85.7 / 0.9865    148.6 / 0.8599     85.6 / 0.9874
  0.550     166.3 / 0.4858     72.2 / 0.9935    127.3 / 0.9468     72.1 / 0.9944
  0.600     154.6 / 0.5928     61.8 / 0.9943    109.3 / 0.9803     61.7 / 0.9954
  0.700     131.7 / 0.7519     47.4 / 0.9950     82.7 / 0.9940     47.3 / 0.9958
  0.800     111.3 / 0.8430     37.9 / 0.9950     65.4 / 0.9943     37.7 / 0.9958
  1.000      81.2 / 0.9241     26.6 / 0.9955     44.7 / 0.9949     26.4 / 0.9962
  1.500      43.9 / 0.9765     15.5 / 0.9965     24.4 / 0.9954     15.4 / 0.9971
  2.000      28.5 / 0.9889     11.6 / 0.9976     17.2 / 0.9965     11.5 / 0.9981
  3.000      16.9 / 0.9937      9.0 / 0.9992     12.1 / 0.9976      8.9 / 0.9995
  5.000      10.5 / 0.9954      7.7 / 0.9996      9.5 / 0.9983      7.6 / 1.0000

alpha 0.05, beta 0.1, horizon 200
  ratio                nig                cs          cs-alpha         cs-nohold
  0.100     199.9 / 0.0000    199.9 / 0.0000    199.9 / 0.0000    199.9 / 0.0000
  0.150     199.6 / 0.0000    199.6 / 0.0000    199.6 / 0.0000    199.6 / 0.0000
  0.200     199.1 / 0.0000    199.1 / 0.0000    199.1 / 0.0000    199.1 / 0.0000
  0.250     198.6 / 0.0000    198.6 / 0.0001    198.6 / 0.0000    198.6 / 0.0001
  0.275     198.3 / 0.0000    198.1 / 0.0235    198.3 / 0.0000    198.1 / 0.0235
  0.300     198.0 / 0.0000    194.4 / 0.2351    197.9 / 0.0172    194.4 / 0.2351
  0.325     197.9 / 0.0000    184.8 / 0.4563    195.2 / 0.2003    184.8 / 0.4564
  0.350     197.6 / 0.0004    172.1 / 0.6126    186.8 / 0.4264    172.1 / 0.6129
  0.375     197.5 / 0.0010    158.4 / 0.7345    175.4 / 0.5923    158.4 / 0.7351
  0.400     197.3 / 0.0018    144.9 / 0.8187    162.6 / 0.7140    144.9 / 0.8194
  0.425     197.1 / 0.0032    132.1 / 0.8794    149.8 / 0.8064    132.1 / 0.8803
  0.450     196.9 / 0.0052    120.2 / 0.9207    137.2 / 0.8722    120.1 / 0.9216
  0.500     196.3 / 0.0112    100.1 / 0.9600    115.2 / 0.9411    100.0 / 0.9609
  0.550     195.7 / 0.0208     84.4 / 0.9724     97.3 / 0.9672     84.3 / 0.9733
  0.600     194.6 / 0.0377     72.2 / 0.9738     83.2 / 0.9722     72.1 / 0.9748
  0.700     191.7 / 0.0878     55.1 / 0.9753     63.3 / 0.9744     55.0 / 0.9761
  0.800     186.9 / 0.1684     43.9 / 0.9768     50.2 / 0.9758     43.8 / 0.9775
  1.000     170.4 / 0.3909     30.6 / 0.9772     34.8 / 0.9764     30.5 / 0.9779
  1.500     114.8 / 0.8052     17.5 / 0.9809     19.6 / 0.9798     17.4 / 0.9816
  2.000      75.7 / 0.9144     13.0 / 0.9847     14.3 / 0.9834     12.9 / 0.9852
  3.000      41.0 / 0.9605      9.7 / 0.9910     10.5 / 0.9887      9.6 / 0.9913
  5.000      20.0 / 0.9757      8.1 / 0.9940      8.5 / 0.9916      8.0 / 0.9944

alpha 0.01, beta 0.1, horizon 200
  ratio                nig                cs          cs-alpha         cs-nohold
  0.100     200.0 / 0.0000    200.0 / 0.0000    200.0 / 0.0000    200.0 / 0.0000
  0.150     200.0 / 0.0000    200.0 / 0.0000    200.0 / 0.0000    200.0 / 0.0000
  0.200     199.9 / 0.0000    199.9 / 0.0000    199.9 / 0.0000    199.9 / 0.0000
  0.250     199.8 / 0.0000    199.8 / 0.0001    199.8 / 0.0000    199.8 / 0.0001
  0.275     199.8 / 0.0000    199.6 / 0.0236    199.8 / 0.0000    199.6 / 0.0236
  0.300     199.7 / 0.0000    196.0 / 0.2358    199.7 / 0.0000    196.0 / 0.2358
  0.325     199.7 / 0.0000    186.5 / 0.4575    199.7 / 0.0001    186.5 / 0.4576
  0.350     199.6 / 0.0001    174.0 / 0.6151    199.6 / 0.0111    174.0 / 0.6155
  0.375     199.6 / 0.0006    160.4 / 0.7385    198.0 / 0.1467    160.4 / 0.7391
  0.400     199.6 / 0.0011    146.9 / 0.8248    192.1 / 0.3729    146.9 / 0.8255
  0.425     199.5 / 0.0023    134.2 / 0.8870    182.8 / 0.5483    134.1 / 0.8878
  0.450     199.4 / 0.0040    122.1 / 0.9307    171.8 / 0.6863    122.1 / 0.9316
  0.500     199.2 / 0.0085    102.0 / 0.9742    148.6 / 0.8599    101.9 / 0.9752
  0.550     198.8 / 0.0164     86.1 / 0.9900    127.3 / 0.9468     86.0 / 0.9909
  0.600     198.1 / 0.0297     73.6 / 0.9934    109.3 / 0.9803     73.5 / 0.9945
  0.700     196.0 / 0.0716     56.1 / 0.9948     82.7 / 0.9940     56.0 / 0.9956
  0.800     191.9 / 0.1409     44.6 / 0.9948     65.4 / 0.9943     44.5 / 0.9956
  1.000     177.8 / 0.3475     31.1 / 0.9953     44.7 / 0.9949     30.9 / 0.9960
  1.500     123.8 / 0.7913     17.7 / 0.9962     24.4 / 0.9954     17.6 / 0.9968
  2.000      82.6 / 0.9217     13.0 / 0.9973     17.2 / 0.9965     12.9 / 0.9978
  3.000      45.0 / 0.9756      9.7 / 0.9988     12.1 / 0.9976      9.7 / 0.9992
  5.000      21.6 / 0.9920      8.1 / 0.9994      9.5 / 0.9983      8.0 / 0.9999

H0: Type-I rate (first verdict reject_h0), beta 0.2, 100000 runs per ratio; bound = alpha + 3 SE, * = above it
  alpha 0.1    horizon 1000  bound 0.10285  gate-1265 0.06756 @0.4  nig 0.06756 @0.4  cs 0.05712 @0.25  cs-alpha 0.05941 @0.25  cs-nohold 0.05712 @0.25
  alpha 0.05   horizon 1000  bound 0.05207  gate-1265 0.03280 @0.5  nig 0.03280 @0.5  cs 0.02710 @0.275  cs-alpha 0.02891 @0.275  cs-nohold 0.02710 @0.275
  alpha 0.025  horizon 1000  bound 0.02648  gate-1265 0.01639 @0.5  nig 0.01639 @0.5  cs 0.01340 @0.275  cs-alpha 0.01454 @0.275  cs-nohold 0.01340 @0.275
  alpha 0.01   horizon 1000  bound 0.01094  gate-1265 0.00658 @0.5  nig 0.00658 @0.5  cs 0.00531 @0.25  cs-alpha 0.00580 @0.325  cs-nohold 0.00531 @0.25
  alpha 0.005  horizon 1000  bound 0.00567  gate-1265 0.00342 @0.6  nig 0.00342 @0.6  cs 0.00264 @0.35  cs-alpha 0.00302 @0.35  cs-nohold 0.00263 @0.35
  alpha 0.1    horizon 200   bound 0.10285  gate-1265 0.05756 @0.7  nig 0.05757 @0.7  cs 0.05160 @0.5  cs-alpha 0.05326 @0.5  cs-nohold 0.05160 @0.5
  alpha 0.05   horizon 200   bound 0.05207  gate-1265 0.02865 @1  nig 0.02866 @1  cs 0.02385 @0.5  cs-alpha 0.02581 @0.6  cs-nohold 0.02385 @0.5
  alpha 0.025  horizon 200   bound 0.02648  gate-1265 0.01386 @1.5  nig 0.01386 @1.5  cs 0.01138 @0.6  cs-alpha 0.01239 @0.6  cs-nohold 0.01138 @0.6
  alpha 0.01   horizon 200   bound 0.01094  gate-1265 0.00547 @1.5  nig 0.00547 @1.5  cs 0.00439 @0.6  cs-alpha 0.00485 @0.8  cs-nohold 0.00439 @0.6
  alpha 0.005  horizon 200   bound 0.00567  gate-1265 0.00266 @1  nig 0.00267 @1  cs 0.00224 @0.6  cs-alpha 0.00238 @0.8  cs-nohold 0.00224 @0.6

H1 (true difference = +effect_size): power (reject_h0, direction right) / wrong accept_h0 / mean pairs at stop, 20000 runs per ratio

alpha 0.05, beta 0.2, horizon 1000
  ratio                        nig                        cs                  cs-alpha                 cs-nohold
  0.100     0.3110  0.0009   884.8    0.3110  0.0000   885.1    0.3110  0.0000   885.1    0.3110  0.0000   885.1
  0.150     0.7238  0.0038   652.4    0.7238  0.0235   646.6    0.7240  0.0024   653.7    0.7238  0.0235   646.6
  0.200     0.9462  0.0037   431.3    0.9357  0.0331   418.2    0.9472  0.0055   431.3    0.9357  0.0331   418.2
  0.250     0.9923  0.0042   283.7    0.9669  0.0329   272.5    0.9915  0.0073   282.6    0.9669  0.0329   272.5
  0.300     0.9970  0.0029   201.4    0.9640  0.0360   192.7    0.9930  0.0070   200.2    0.9640  0.0360   192.7
  0.350     0.9970  0.0029   151.4    0.9652  0.0347   145.2    0.9928  0.0071   150.6    0.9652  0.0347   145.2
  0.400     0.9970  0.0029   117.3    0.9665  0.0336   112.7    0.9929  0.0070   116.6    0.9665  0.0336   112.7
  0.450     0.9959  0.0042    94.7    0.9669  0.0331    91.0    0.9928  0.0072    94.2    0.9669  0.0331    91.0
  0.500     0.9965  0.0035    78.6    0.9657  0.0343    75.6    0.9927  0.0073    78.2    0.9657  0.0343    75.6
  0.600     0.9972  0.0028    57.8    0.9647  0.0353    55.5    0.9920  0.0080    57.4    0.9647  0.0353    55.5
  0.700     0.9974  0.0026    44.4    0.9648  0.0352    42.7    0.9930  0.0069    44.2    0.9647  0.0352    42.7
  0.800     0.9971  0.0029    35.8    0.9655  0.0345    34.6    0.9933  0.0066    35.6    0.9655  0.0345    34.6
  1.000     0.9970  0.0029    25.8    0.9638  0.0361    25.0    0.9917  0.0083    25.7    0.9638  0.0361    25.0
  1.500     0.9978  0.0022    15.8    0.9611  0.0389    15.4    0.9926  0.0074    15.7    0.9611  0.0389    15.4
  2.000     0.9990  0.0010    12.3    0.9652  0.0348    12.1    0.9935  0.0065    12.2    0.9652  0.0348    12.1
  3.000     0.9995  0.0005     9.7    0.9724  0.0276     9.6    0.9967  0.0034     9.7    0.9724  0.0276     9.6
  5.000     1.0000  0.0001     8.2    0.9879  0.0120     8.2    1.0000  0.0001     8.2    0.9879  0.0120     8.2

alpha 0.01, beta 0.2, horizon 1000
  ratio                        nig                        cs                  cs-alpha                 cs-nohold
  0.100     0.1303  0.0005   960.5    0.1303  0.0000   960.6    0.1303  0.0000   960.6    0.1303  0.0000   960.6
  0.150     0.5131  0.0029   805.1    0.5131  0.0236   798.9    0.5132  0.0000   806.3    0.5131  0.0236   798.9
  0.200     0.8594  0.0029   583.1    0.8546  0.0338   568.2    0.8600  0.0006   584.6    0.8546  0.0338   568.2
  0.250     0.9816  0.0032   393.8    0.9599  0.0357   379.1    0.9838  0.0012   395.0    0.9599  0.0357   379.1
  0.300     0.9973  0.0021   279.6    0.9610  0.0390   267.2    0.9984  0.0012   280.0    0.9610  0.0390   267.2
  0.350     0.9980  0.0020   209.2    0.9607  0.0393   200.1    0.9984  0.0016   209.3    0.9607  0.0393   200.1
  0.400     0.9980  0.0020   161.9    0.9633  0.0367   155.3    0.9984  0.0015   162.0    0.9633  0.0367   155.3
  0.450     0.9969  0.0032   129.9    0.9634  0.0366   124.6    0.9987  0.0014   130.2    0.9634  0.0366   124.6
  0.500     0.9972  0.0028   107.0    0.9625  0.0375   102.6    0.9980  0.0019   107.2    0.9625  0.0375   102.6
  0.600     0.9978  0.0022    77.7    0.9617  0.0384    74.6    0.9984  0.0016    77.8    0.9616  0.0384    74.6
  0.700     0.9980  0.0021    59.4    0.9617  0.0383    57.1    0.9986  0.0014    59.5    0.9617  0.0384    57.1
  0.800     0.9980  0.0020    47.5    0.9623  0.0377    45.7    0.9988  0.0013    47.5    0.9623  0.0377    45.7
  1.000     0.9977  0.0023    33.5    0.9618  0.0382    32.4    0.9986  0.0014    33.6    0.9618  0.0382    32.4
  1.500     0.9982  0.0018    19.7    0.9579  0.0421    19.1    0.9985  0.0015    19.7    0.9579  0.0421    19.1
  2.000     0.9992  0.0008    14.8    0.9599  0.0401    14.4    0.9986  0.0014    14.8    0.9599  0.0401    14.4
  3.000     0.9996  0.0004    11.1    0.9653  0.0348    11.0    0.9991  0.0008    11.1    0.9653  0.0348    11.0
  5.000     1.0000  0.0001     9.1    0.9769  0.0231     9.0    1.0000  0.0000     9.1    0.9769  0.0231     9.0

alpha 0.05, beta 0.1, horizon 1000
  ratio                        nig                        cs                  cs-alpha                 cs-nohold
  0.100     0.3110  0.0000   885.1    0.3110  0.0000   885.1    0.3110  0.0000   885.1    0.3110  0.0000   885.1
  0.150     0.7240  0.0000   654.0    0.7240  0.0075   652.4    0.7240  0.0024   653.7    0.7240  0.0075   652.4
  0.200     0.9476  0.0000   433.3    0.9453  0.0132   427.9    0.9472  0.0055   431.3    0.9453  0.0132   427.9
  0.250     0.9961  0.0000   285.4    0.9841  0.0153   279.4    0.9915  0.0073   282.6    0.9841  0.0153   279.4
  0.300     0.9998  0.0000   202.3    0.9851  0.0149   198.0    0.9930  0.0070   200.2    0.9851  0.0149   198.0
  0.350     0.9999  0.0000   152.1    0.9852  0.0146   149.0    0.9928  0.0071   150.6    0.9852  0.0146   149.0
  0.400     1.0000  0.0000   117.7    0.9848  0.0152   115.2    0.9929  0.0070   116.6    0.9848  0.0152   115.2
  0.450     1.0000  0.0000    95.2    0.9839  0.0161    93.1    0.9928  0.0072    94.2    0.9839  0.0161    93.1
  0.500     1.0000  0.0000    79.1    0.9835  0.0165    77.3    0.9927  0.0073    78.2    0.9835  0.0165    77.3
  0.600     1.0000  0.0000    58.0    0.9837  0.0163    56.8    0.9920  0.0080    57.4    0.9837  0.0163    56.8
  0.700     1.0000  0.0000    44.5    0.9851  0.0149    43.7    0.9930  0.0069    44.2    0.9850  0.0149    43.7
  0.800     1.0000  0.0000    35.9    0.9839  0.0160    35.3    0.9933  0.0066    35.6    0.9839  0.0160    35.3
  1.000     1.0000  0.0000    25.9    0.9844  0.0155    25.5    0.9917  0.0083    25.7    0.9844  0.0155    25.5
  1.500     1.0000  0.0000    15.8    0.9825  0.0175    15.6    0.9926  0.0074    15.7    0.9825  0.0175    15.6
  2.000     1.0000  0.0000    12.3    0.9853  0.0147    12.2    0.9935  0.0065    12.2    0.9853  0.0147    12.2
  3.000     1.0000  0.0000     9.7    0.9915  0.0086     9.6    0.9967  0.0034     9.7    0.9915  0.0086     9.6
  5.000     1.0000  0.0000     8.2    0.9970  0.0030     8.2    1.0000  0.0001     8.2    0.9970  0.0030     8.2

alpha 0.01, beta 0.1, horizon 1000
  ratio                        nig                        cs                  cs-alpha                 cs-nohold
  0.100     0.1303  0.0000   960.6    0.1303  0.0000   960.6    0.1303  0.0000   960.6    0.1303  0.0000   960.6
  0.150     0.5132  0.0000   806.3    0.5132  0.0076   804.7    0.5132  0.0000   806.3    0.5132  0.0076   804.7
  0.200     0.8600  0.0000   584.8    0.8594  0.0135   579.0    0.8600  0.0006   584.6    0.8594  0.0135   579.0
  0.250     0.9840  0.0000   395.5    0.9754  0.0163   388.1    0.9838  0.0012   395.0    0.9754  0.0163   388.1
  0.300     0.9993  0.0000   280.4    0.9836  0.0164   274.6    0.9984  0.0012   280.0    0.9836  0.0164   274.6
  0.350     1.0000  0.0000   209.8    0.9829  0.0170   205.4    0.9984  0.0016   209.3    0.9829  0.0170   205.4
  0.400     1.0000  0.0000   162.3    0.9834  0.0166   158.9    0.9984  0.0015   162.0    0.9834  0.0166   158.9
  0.450     1.0000  0.0000   130.4    0.9820  0.0180   127.5    0.9987  0.0014   130.2    0.9820  0.0180   127.5
  0.500     1.0000  0.0000   107.5    0.9819  0.0181   105.0    0.9980  0.0019   107.2    0.9819  0.0181   105.0
  0.600     1.0000  0.0000    78.0    0.9824  0.0176    76.4    0.9984  0.0016    77.8    0.9824  0.0176    76.4
  0.700     1.0000  0.0000    59.6    0.9839  0.0161    58.5    0.9986  0.0014    59.5    0.9839  0.0162    58.5
  0.800     1.0000  0.0000    47.6    0.9822  0.0178    46.7    0.9988  0.0013    47.5    0.9822  0.0178    46.7
  1.000     1.0000  0.0000    33.6    0.9831  0.0169    33.0    0.9986  0.0014    33.6    0.9831  0.0169    33.0
  1.500     1.0000  0.0000    19.7    0.9808  0.0192    19.4    0.9985  0.0015    19.7    0.9808  0.0192    19.4
  2.000     1.0000  0.0000    14.8    0.9830  0.0169    14.6    0.9986  0.0014    14.8    0.9830  0.0169    14.6
  3.000     1.0000  0.0000    11.1    0.9869  0.0131    11.1    0.9991  0.0008    11.1    0.9869  0.0131    11.1
  5.000     1.0000  0.0000     9.1    0.9899  0.0101     9.1    1.0000  0.0000     9.1    0.9899  0.0101     9.1

alpha 0.05, beta 0.2, horizon 200
  ratio                        nig                        cs                  cs-alpha                 cs-nohold
  0.100     0.0109  0.0000   199.5    0.0109  0.0000   199.5    0.0109  0.0000   199.5    0.0109  0.0000   199.5
  0.150     0.0739  0.0000   195.8    0.0739  0.0000   195.8    0.0739  0.0000   195.8    0.0739  0.0000   195.8
  0.200     0.2074  0.0004   186.1    0.2074  0.0000   186.2    0.2074  0.0000   186.2    0.2074  0.0000   186.2
  0.250     0.3847  0.0018   171.0    0.3847  0.0024   171.1    0.3847  0.0000   171.1    0.3847  0.0024   171.1
  0.300     0.5815  0.0024   151.3    0.5815  0.0191   150.6    0.5815  0.0003   151.4    0.5815  0.0191   150.6
  0.350     0.7463  0.0027   131.0    0.7460  0.0242   129.5    0.7466  0.0030   131.1    0.7460  0.0242   129.5
  0.400     0.8730  0.0029   109.9    0.8697  0.0273   107.9    0.8738  0.0043   109.9    0.8697  0.0273   107.9
  0.450     0.9405  0.0041    92.3    0.9323  0.0306    89.9    0.9422  0.0056    92.3    0.9323  0.0306    89.9
  0.500     0.9768  0.0035    77.9    0.9592  0.0327    75.4    0.9771  0.0066    77.8    0.9592  0.0327    75.4
  0.600     0.9959  0.0028    57.7    0.9647  0.0353    55.5    0.9919  0.0079    57.4    0.9647  0.0353    55.5
  0.700     0.9973  0.0026    44.4    0.9648  0.0352    42.7    0.9930  0.0069    44.2    0.9647  0.0352    42.7
  0.800     0.9971  0.0029    35.8    0.9655  0.0345    34.6    0.9933  0.0066    35.6    0.9655  0.0345    34.6
  1.000     0.9970  0.0029    25.8    0.9638  0.0361    25.0    0.9917  0.0083    25.7    0.9638  0.0361    25.0
  1.500     0.9978  0.0022    15.8    0.9611  0.0389    15.4    0.9926  0.0074    15.7    0.9611  0.0389    15.4
  2.000     0.9990  0.0010    12.3    0.9652  0.0348    12.1    0.9935  0.0065    12.2    0.9652  0.0348    12.1
  3.000     0.9995  0.0005     9.7    0.9724  0.0276     9.6    0.9967  0.0034     9.7    0.9724  0.0276     9.6
  5.000     1.0000  0.0001     8.2    0.9879  0.0120     8.2    1.0000  0.0001     8.2    0.9879  0.0120     8.2

alpha 0.01, beta 0.2, horizon 200
  ratio                        nig                        cs                  cs-alpha                 cs-nohold
  0.100     0.0013  0.0000   199.9    0.0013  0.0000   199.9    0.0013  0.0000   199.9    0.0013  0.0000   199.9
  0.150     0.0175  0.0000   199.2    0.0175  0.0000   199.2    0.0175  0.0000   199.2    0.0175  0.0000   199.2
  0.200     0.0722  0.0002   196.2    0.0722  0.0000   196.2    0.0722  0.0000   196.2    0.0722  0.0000   196.2
  0.250     0.1860  0.0011   188.9    0.1860  0.0024   189.0    0.1860  0.0000   189.0    0.1860  0.0024   189.0
  0.300     0.3491  0.0017   176.7    0.3491  0.0191   176.0    0.3491  0.0000   176.8    0.3491  0.0191   176.0
  0.350     0.5373  0.0018   160.7    0.5373  0.0243   159.1    0.5374  0.0001   160.9    0.5373  0.0243   159.1
  0.400     0.7189  0.0019   141.8    0.7176  0.0274   139.6    0.7190  0.0003   142.0    0.7176  0.0274   139.6
  0.450     0.8528  0.0032   122.2    0.8492  0.0312   119.6    0.8537  0.0009   122.5    0.8492  0.0312   119.6
  0.500     0.9335  0.0028   104.4    0.9217  0.0338   101.4    0.9346  0.0012   104.7    0.9217  0.0338   101.4
  0.600     0.9907  0.0022    77.6    0.9603  0.0382    74.6    0.9921  0.0013    77.7    0.9603  0.0382    74.6
  0.700     0.9979  0.0021    59.4    0.9617  0.0383    57.1    0.9985  0.0014    59.5    0.9617  0.0384    57.1
  0.800     0.9980  0.0020    47.5    0.9623  0.0377    45.7    0.9988  0.0013    47.5    0.9623  0.0377    45.7
  1.000     0.9977  0.0023    33.5    0.9618  0.0382    32.4    0.9986  0.0014    33.6    0.9618  0.0382    32.4
  1.500     0.9982  0.0018    19.7    0.9579  0.0421    19.1    0.9985  0.0015    19.7    0.9579  0.0421    19.1
  2.000     0.9992  0.0008    14.8    0.9599  0.0401    14.4    0.9986  0.0014    14.8    0.9599  0.0401    14.4
  3.000     0.9996  0.0004    11.1    0.9653  0.0348    11.0    0.9991  0.0008    11.1    0.9653  0.0348    11.0
  5.000     1.0000  0.0001     9.1    0.9769  0.0231     9.0    1.0000  0.0000     9.1    0.9769  0.0231     9.0

alpha 0.05, beta 0.1, horizon 200
  ratio                        nig                        cs                  cs-alpha                 cs-nohold
  0.100     0.0109  0.0000   199.5    0.0109  0.0000   199.5    0.0109  0.0000   199.5    0.0109  0.0000   199.5
  0.150     0.0739  0.0000   195.8    0.0739  0.0000   195.8    0.0739  0.0000   195.8    0.0739  0.0000   195.8
  0.200     0.2074  0.0000   186.2    0.2074  0.0000   186.2    0.2074  0.0000   186.2    0.2074  0.0000   186.2
  0.250     0.3847  0.0000   171.1    0.3847  0.0000   171.1    0.3847  0.0000   171.1    0.3847  0.0000   171.1
  0.300     0.5815  0.0000   151.4    0.5815  0.0047   151.3    0.5815  0.0003   151.4    0.5815  0.0047   151.3
  0.350     0.7466  0.0000   131.2    0.7466  0.0086   130.8    0.7466  0.0030   131.1    0.7466  0.0086   130.8
  0.400     0.8739  0.0000   110.2    0.8733  0.0114   109.4    0.8738  0.0043   109.9    0.8733  0.0114   109.4
  0.450     0.9426  0.0000    92.7    0.9401  0.0138    91.6    0.9422  0.0056    92.3    0.9401  0.0138    91.6
  0.500     0.9790  0.0000    78.3    0.9719  0.0155    77.0    0.9771  0.0066    77.8    0.9719  0.0155    77.0
  0.600     0.9985  0.0000    58.0    0.9836  0.0163    56.8    0.9919  0.0079    57.4    0.9836  0.0163    56.8
  0.700     0.9999  0.0000    44.5    0.9851  0.0149    43.7    0.9930  0.0069    44.2    0.9850  0.0149    43.7
  0.800     1.0000  0.0000    35.9    0.9839  0.0160    35.3    0.9933  0.0066    35.6    0.9839  0.0160    35.3
  1.000     1.0000  0.0000    25.9    0.9844  0.0155    25.5    0.9917  0.0083    25.7    0.9844  0.0155    25.5
  1.500     1.0000  0.0000    15.8    0.9825  0.0175    15.6    0.9926  0.0074    15.7    0.9825  0.0175    15.6
  2.000     1.0000  0.0000    12.3    0.9853  0.0147    12.2    0.9935  0.0065    12.2    0.9853  0.0147    12.2
  3.000     1.0000  0.0000     9.7    0.9915  0.0086     9.6    0.9967  0.0034     9.7    0.9915  0.0086     9.6
  5.000     1.0000  0.0000     8.2    0.9970  0.0030     8.2    1.0000  0.0001     8.2    0.9970  0.0030     8.2

alpha 0.01, beta 0.1, horizon 200
  ratio                        nig                        cs                  cs-alpha                 cs-nohold
  0.100     0.0013  0.0000   199.9    0.0013  0.0000   199.9    0.0013  0.0000   199.9    0.0013  0.0000   199.9
  0.150     0.0175  0.0000   199.2    0.0175  0.0000   199.2    0.0175  0.0000   199.2    0.0175  0.0000   199.2
  0.200     0.0722  0.0000   196.2    0.0722  0.0000   196.2    0.0722  0.0000   196.2    0.0722  0.0000   196.2
  0.250     0.1860  0.0000   189.0    0.1860  0.0000   189.0    0.1860  0.0000   189.0    0.1860  0.0000   189.0
  0.300     0.3491  0.0000   176.8    0.3491  0.0047   176.7    0.3491  0.0000   176.8    0.3491  0.0047   176.7
  0.350     0.5374  0.0000   160.9    0.5374  0.0086   160.4    0.5374  0.0001   160.9    0.5374  0.0086   160.4
  0.400     0.7190  0.0000   142.0    0.7188  0.0114   141.2    0.7190  0.0003   142.0    0.7188  0.0114   141.2
  0.450     0.8537  0.0000   122.6    0.8529  0.0140   121.4    0.8537  0.0009   122.5    0.8529  0.0140   121.4
  0.500     0.9346  0.0000   104.7    0.9311  0.0158   103.3    0.9346  0.0012   104.7    0.9311  0.0158   103.3
  0.600     0.9926  0.0000    77.8    0.9795  0.0174    76.3    0.9921  0.0013    77.7    0.9795  0.0174    76.3
  0.700     0.9999  0.0000    59.6    0.9839  0.0161    58.5    0.9985  0.0014    59.5    0.9839  0.0162    58.5
  0.800     1.0000  0.0000    47.6    0.9822  0.0178    46.7    0.9988  0.0013    47.5    0.9822  0.0178    46.7
  1.000     1.0000  0.0000    33.6    0.9831  0.0169    33.0    0.9986  0.0014    33.6    0.9831  0.0169    33.0
  1.500     1.0000  0.0000    19.7    0.9808  0.0192    19.4    0.9985  0.0015    19.7    0.9808  0.0192    19.4
  2.000     1.0000  0.0000    14.8    0.9830  0.0169    14.6    0.9986  0.0014    14.8    0.9830  0.0169    14.6
  3.000     1.0000  0.0000    11.1    0.9869  0.0131    11.1    0.9991  0.0008    11.1    0.9869  0.0131    11.1
  5.000     1.0000  0.0000     9.1    0.9899  0.0101     9.1    1.0000  0.0000     9.1    0.9899  0.0101     9.1

H1: worst wrong accept_h0 over the ratios (the guarantee: at most beta)
  alpha 0.1    beta 0.2   horizon 1000  gate-1265 0.0066 @0.45  nig 0.0063 @0.45  cs 0.0366 @1.5  cs-alpha 0.0158 @1.5  cs-nohold 0.0366 @1.5
  alpha 0.1    beta 0.1   horizon 1000  gate-1265 0.0001 @1  nig 0.0001 @0.5  cs 0.0158 @1.5  cs-alpha 0.0158 @1.5  cs-nohold 0.0158 @1.5
  alpha 0.05   beta 0.2   horizon 1000  gate-1265 0.0047 @0.25  nig 0.0042 @0.25  cs 0.0389 @1.5  cs-alpha 0.0083 @1  cs-nohold 0.0389 @1.5
  alpha 0.05   beta 0.1   horizon 1000  gate-1265 0.0001 @1  nig 0.0000 @5  cs 0.0175 @1.5  cs-alpha 0.0083 @1  cs-nohold 0.0175 @1.5
  alpha 0.025  beta 0.2   horizon 1000  gate-1265 0.0041 @0.25  nig 0.0036 @0.25  cs 0.0406 @1.5  cs-alpha 0.0042 @1  cs-nohold 0.0406 @1.5
  alpha 0.025  beta 0.1   horizon 1000  gate-1265 0.0001 @1  nig 0.0000 @5  cs 0.0181 @1.5  cs-alpha 0.0042 @1  cs-nohold 0.0181 @1.5
  alpha 0.01   beta 0.2   horizon 1000  gate-1265 0.0037 @0.25  nig 0.0032 @0.25  cs 0.0421 @1.5  cs-alpha 0.0019 @0.5  cs-nohold 0.0421 @1.5
  alpha 0.01   beta 0.1   horizon 1000  gate-1265 0.0001 @1  nig 0.0000 @5  cs 0.0192 @1.5  cs-alpha 0.0019 @0.5  cs-nohold 0.0192 @1.5
  alpha 0.005  beta 0.2   horizon 1000  gate-1265 0.0036 @0.25  nig 0.0031 @0.45  cs 0.0430 @1.5  cs-alpha 0.0012 @0.5  cs-nohold 0.0430 @1.5
  alpha 0.005  beta 0.1   horizon 1000  gate-1265 0.0001 @1  nig 0.0000 @5  cs 0.0195 @1.5  cs-alpha 0.0012 @0.5  cs-nohold 0.0195 @1.5
  alpha 0.1    beta 0.2   horizon 200   gate-1265 0.0066 @0.45  nig 0.0062 @0.45  cs 0.0366 @1.5  cs-alpha 0.0158 @1.5  cs-nohold 0.0366 @1.5
  alpha 0.1    beta 0.1   horizon 200   gate-1265 0.0001 @1  nig 0.0001 @0.5  cs 0.0158 @1.5  cs-alpha 0.0158 @1.5  cs-nohold 0.0158 @1.5
  alpha 0.05   beta 0.2   horizon 200   gate-1265 0.0046 @0.45  nig 0.0041 @0.45  cs 0.0389 @1.5  cs-alpha 0.0083 @1  cs-nohold 0.0389 @1.5
  alpha 0.05   beta 0.1   horizon 200   gate-1265 0.0001 @1  nig 0.0000 @5  cs 0.0175 @1.5  cs-alpha 0.0083 @1  cs-nohold 0.0175 @1.5
  alpha 0.025  beta 0.2   horizon 200   gate-1265 0.0040 @0.45  nig 0.0035 @0.45  cs 0.0406 @1.5  cs-alpha 0.0042 @1  cs-nohold 0.0406 @1.5
  alpha 0.025  beta 0.1   horizon 200   gate-1265 0.0001 @1  nig 0.0000 @5  cs 0.0181 @1.5  cs-alpha 0.0042 @1  cs-nohold 0.0181 @1.5
  alpha 0.01   beta 0.2   horizon 200   gate-1265 0.0034 @0.45  nig 0.0032 @0.45  cs 0.0421 @1.5  cs-alpha 0.0015 @1.5  cs-nohold 0.0421 @1.5
  alpha 0.01   beta 0.1   horizon 200   gate-1265 0.0001 @1  nig 0.0000 @5  cs 0.0192 @1.5  cs-alpha 0.0015 @1.5  cs-nohold 0.0192 @1.5
  alpha 0.005  beta 0.2   horizon 200   gate-1265 0.0034 @0.45  nig 0.0031 @0.45  cs 0.0430 @1.5  cs-alpha 0.0009 @0.8  cs-nohold 0.0430 @1.5
  alpha 0.005  beta 0.1   horizon 200   gate-1265 0.0001 @1  nig 0.0000 @5  cs 0.0195 @1.5  cs-alpha 0.0009 @0.8  cs-nohold 0.0195 @1.5
